23.739391433116012 90.36896467208862 
23.75466100689446 90.36482099443674
23.76872752493506 90.35655811429024
23.734144443957952 90.38461301475763
23.750428571864216 90.38124918937683
23.764771096442974 90.37449136376381
23.744821120087874 90.39656560868025
23.761214381180498 90.39185229688884
23.77784765600249 90.3695748746395
23.784490982269954 90.35347491502762
23.730874790111777 90.40194779634476
23.79273200265549 90.36699928343296
23.800896116740976 90.35304810851814
23.80859990958059 90.36823377013206
23.720721551718345 90.38878016173838
23.717441124593623 90.40553122758864
23.77691677647592 90.38665585219861
23.78930858510613 90.38195595145226
23.804211865068464 90.3810916095972
23.81661119756787 90.35419274121523
23.820173758330267 90.38107015192507
23.82432792727868 90.36700263619423
23.83388602068997 90.35373844206335
23.83951171108677 90.36941293627025
23.83468922375884 90.38271199911831
23.857041529766 90.36581642925739
23.850951865573606 90.38025308400394
23.706605336874784 90.41964501142502
23.71648565400145 90.43360825628041
23.723325669841508 90.4196785390377
23.737330535747034 90.41505742818117
23.73329703661977 90.43321061879396
23.747263361962403 90.40871869772671
23.759913920428808 90.40492303669453
23.774409732557277 90.40271122008564
23.747794278048854 90.42639311403038
23.76054175185248 90.41952297091484
23.77343279957752 90.41825763881207
23.790147344551464 90.40107239037752
23.78681620432592 90.41588690131903
23.801030171673464 90.39511285722256
23.803527494674505 90.41314098984003
23.79819658223804 90.4294964298606
23.81405216654639 90.42660735547543
23.814300618371227 90.39757378399374
23.821110116035345 90.41255962103605
23.828454322508 90.39855815470219
23.826239241608008 90.43943200260401
23.82530318330087 90.45685026794672
23.830614273862913 90.42596697807312
23.839889528909183 90.41161447763443
23.85578570660586 90.40414452552794
23.86766716159223 90.39032008498909
23.87380216487797 90.37149365991353
23.869447906132006 90.40696822106838
23.884475948329374 90.39763547480106
23.881084382837123 90.38397163152695
23.869592927809663 90.3573564067483